project,public_percentage,private_percentage,package-private_percentage,protected_percentage
01org-jndn-management,98.88888943,1.111110565,0,0
10Duke-event-api,100,0,0,0
1337joe-cubesensors-for-java,83.05084774,16.94915226,0,0
1and1-bill-of-materials-maven-plugin,33.33333333,0,66.66666667,0
1and1-spritepacker-maven-plugin,51.99999848,10.00000071,8.000001047,29.99999976
2captcha-2captcha-java,96.35036484,3.649635162,0,0
3redronin-mu-acme,77.14285861,11.4285707,11.4285707,0
3scale-3scale-ws-api-for-java,64.47368389,35.52631611,0,0
42BV-seagull-api-wrapper,86.11110982,7.638889296,0,6.250000884
42Crunch-openapi-bundler-java,82.14285885,8.928570577,8.928570577,0
42Crunch-openapi-bundler-reverse-java,81.25000096,9.374999521,3.124999111,6.25000041
52North-youngs,71.15384611,22.11538472,0,6.730769167
819548945-lich-tool,86.02941196,11.02941137,1.470588339,1.470588339
819548945-tool-encryptionAndDecryption-core,94.80519487,2.597402563,0,2.597402563
8767452-lyr-tool,92.62796044,5.538578894,0.4965628501,1.336897814
8kdata-mongowp,89.15304578,5.423476091,2.60029807,2.823180062
99soft-rocoto,81.48148233,4.629628893,0,13.88888877
AKSW-Beast,98.57954444,0,0,1.420455562
Abhilashpn-MathOps,100,0,0,0
Accenture-waterfall-config,61.53846154,38.46153846,0,0
Achal-Aggarwal-arbiter,63.52941228,34.11764777,0,2.352939958
Acosix-acosix-maven-parent,51.85185138,0,0,48.14814862
ActionIQ-JavaAnsibleVault,86.66666596,13.33333404,0,0
AdamBien-afterburner-fx,55.10203721,4.081633928,36.73469494,4.081633928
Addicticks-jTextTime,93.2203391,6.779660901,0,0
Addicticks-jaxbdatetime,93.2203391,6.779660901,0,0
AdroitLogic-aws-maven,73.74999946,7.499999643,10.00000072,8.750000179
AgiliumLabs-osxappbundle,55.55555631,44.44444369,0,0
Alec-DeSouza-RxChange,100,0,0,0
Alec-DeSouza-RxChange-Java,100,0,0,0
Aleks-Ya-ascii2native-maven-plugin,28.57142976,71.42857024,0,0
AlexGPlay-Blynder,63.06620162,34.14634151,0,2.787456874
Alipsa-maven-utils,81.81818112,18.18181888,0,0
Allogy-maven-s3-wagon,0,0,0,100
AludraTest-aludratest,76.10294059,14.95098044,1.593137164,7.352941807
AmadeusITGroup-asciidoctor-extension-apidoc,25.00000106,62.50000053,12.49999841,0
Amit-api-amit-compiler,76.271186,18.644068,0,5.084746
Andreas-Maier-NTT-swagger-jaxb,82.75862069,10.34482759,0,6.896551724
AndreasKl-reactive-spring-session-postgres,66.66666667,29.99999942,3.333333918,0
Andy-Shao-UsefulTools,96.37305733,1.036268748,2.072539553,0.518134374
Anon10W1z-PeriodicTable,63.63636364,36.36363636,0,0
AntaTom-Clu-HitMan,58.33333313,18.75000046,0,22.91666641
Antideveloppeur-SimpleNet,97.90575935,2.09424065,0,0
Apereo-spring-webflow-client-repo,81.818182,6.060606,0,12.121212
AppiumTestDistribution-DeviceManager,83.72093055,16.27906945,0,0
ArangoDB-Community-arangodb-graphql-java,72.77486941,26.17800993,0,1.047120656
ArcBees-Jukito,44.88189053,25.98425182,0,29.13385765
ArcadiaConsulting-appstorestats,84.53389887,6.991524765,4.025423405,4.44915296
ArcadiaConsulting-jboss-logging-gelf,73.21428591,23.21428483,0,3.57142926
Ardesco-Query,85.71428595,7.142857026,7.142857026,0
Ardesco-appium-maven-plugin,85.71428498,0,0,14.28571502
Ardesco-selenium-standalone-server-plugin,66.17646823,16.17647109,7.352942189,10.29411849
ArjanKranenburg-tti-testsuiteinterface,85.71428647,3.174603597,0,11.11110993
ArnaudPiroelle-marvel-api,99.08536523,0.6097558387,0,0.30487893
Arnauld-gutenberg,82.24101366,11.83932423,1.057083482,4.862578631
Arnauld-swoop,87.93456075,4.703476454,0,7.361962801
AsanteIT-asante-bundler,68.00000042,31.99999958,0,0
AtlisInc-Nominatim-API,84.3750002,15.6249998,0,0
Attt-archer,86.09407046,11.45194186,0.8179965523,1.635991129
AussieGuy0-SDgen,82.19178194,17.80821806,0,0
AvanzaBank-hystrix-multiconfig,89.65517294,10.34482706,0,0
Avexis-image-uploader,83.33333333,16.66666667,0,0
AxonFramework-extension-amqp,88.23529576,5.882352118,0,5.882352118
AxonFramework-extension-jgroups,87.71929972,7.89473605,0,4.385964234
AxonFramework-extension-mongo,81.04838694,9.274193587,0,9.677419477
AxonFramework-extension-reactor,71.76470603,24.70588276,0,3.529411207
AxonIQ-axonserver-connector-java,72.16274004,18.20128528,0.214132434,9.421842239
AyriaOfficial-apg-sdk-java,94.64285714,3.571428571,0,1.785714286
Azure-azure-internet-analyzer-java,67.74193568,32.25806432,0,0
Azure-azure-keyvault-java,89.84615428,9.435898125,0.1025639422,0.6153836535
Azure-azure-relay-java,47.44898,11.479592,37.5,3.571428
Azure-azure-sqldb-spark,63.63636301,9.090909248,27.27272774,0
Azure-qpid-proton-j-extensions,61.94690265,18.5840708,4.424778761,15.04424779
BCGDV-ASIA-requestidgenerator,44.444444,0,0,55.555556
BCGDV-ASIA-token-generation,76.36363619,1.818182385,0,21.81818143
BGehrels-singleTransferableVoteElections,72.34042604,27.65957396,0,0
BITPlan-com-bitplan-fritzbox,89.47368309,3.947369138,0,6.578947774
BITPlan-com-bitplan-gui,98.70967762,0,0,1.290322376
BITPlan-com-bitplan-rest-freemarker,100,0,0,0
BYVoid-TA-Lib,95.87053602,1.116071316,2.790178862,0.2232138066
BasinMC-Blackwater,92.37288048,5.084745564,0,2.542373952
BastiaanJansen-otp-java,73.17073156,19.51219469,0,7.317073749
BastiaanJansen-uri-builder-java,86.66666687,13.33333313,0,0
BatScream-actuator-2-custom-metrics,42.85714286,57.14285714,0,0
Bedework-exchange-ws-client,79.04761911,10.15872994,0.3174594542,10.4761915
Beh01der-EasyFlow,75.86206858,5.747126975,1.149425395,17.24137905
BellaDati-belladati-sdk-connector-example,65.384616,30.76923,0,3.846154
BellaDati-belladati-sdk-java,93.56136771,5.231387909,0,1.207244379
BerkleyTechnologyServices-restdocs-spec,76.92307743,20.5128208,0,2.564101768
BerryWorksSoftware-jquantify,80.73394558,1.834862245,8.256880952,9.174311226
Bikeemotion-json-framework,73.46938943,24.4897955,2.040815067,0
BitWeb-bitweb-ogone,90.36144605,3.614457341,0,6.024096612
Bjoern2-yolo-tyrion,85.24590181,4.918032042,0,9.836066149
BlackPepperSoftware-bp-common-driver,74.19354791,3.225806511,0,22.58064558
BlackPepperSoftware-bp-common-i18n,47.3684214,31.57894651,0,21.05263209
BlackPepperSoftware-bp-common-spring-convert,100,0,0,0
BlackPepperSoftware-bp-support-date,100,0,0,0
BlackPepperSoftware-bp-support-date-test,75,0,0,25
BlackPepperSoftware-bp-support-retrofit,100,0,0,0
BlackPepperSoftware-bp-support-retrofit-jsoup,87.50000017,12.49999983,0,0
BlackPepperSoftware-bp-support-selenium,72.95081972,22.95081972,2.459016923,1.639343637
BlackPepperSoftware-bp-support-spring-context,100,0,0,0
BlackPepperSoftware-bp-support-spring-jdbc-test,33.33333333,0,0,66.66666667
BlackPepperSoftware-bp-support-spring-security-test,75,0,0,25
BlackPepperSoftware-bp-support-spring-tx-test,80,0,0,20
BlackPepperSoftware-bp-support-spring-web-test,0,0,0,100
BlackPepperSoftware-bp-support-spring-webmvc,57.14285714,14.28571429,0,28.57142857
BlackPepperSoftware-bp-support-spring-webmvc-test,81.24999932,0,0,18.75000068
BlackPepperSoftware-hal-client,64.64646348,21.21212254,14.14141398,0
BlueObelisk-cmlxom,95.62178129,2.336276076,1.8579833,0.1839593388
BlueObelisk-euclid,88.36206965,7.279693038,1.580459273,2.777778038
BoomManPro-kingosoft-code-break-util,50,31.25000034,18.74999966,0
BotMill-botmill-core,95.09803856,3.921568409,0,0.9803930288
BoundedBuffer-low-latency-primitive-concurrent-queues,74.25742621,2.970296592,22.7722772,0
Bpazy-Id,44.44444521,55.55555479,0,0
Bpazy-zhuzhu,96.07843226,0,0,3.921567739
BreakTheMonolith-DockerProcessAPI,80.645162,6.451612,0,12.903226
BriteSnow-jomni,79.4117646,4.411765465,16.17646993,0
BriteSnow-snow,85.6025037,9.85915493,1.721439965,2.816901408
BrynCooke-totorom,89.32038831,0.8090614722,0.6472489231,9.223301292
BuaBook-buabook-common,94.28571429,5.714285714,0,0
BuaBook-http-common,100,0,0,0
BuaBook-spring-common,57.14285763,28.5714271,0,14.28571527
BuddhistDigitalResourceCenter-lucene-zh,70,13.33333333,3.333333333,13.33333333
BuddhistDigitalResourceCenter-mcouch,94.90445936,5.095540638,0,0
BuddhistDigitalResourceCenter-stemmer,82.85714358,0,17.14285642,0
Bynder-bynder-java-sdk,95.01312388,4.986876124,0,0
CDPTechnologies-JavaCDPClient,85.72395092,4.939106719,6.359946139,2.976996227
CI-CMG-shell-executor,45.45454545,0,45.45454545,9.090909091
CI-CMG-trackline-simplifier,50.54945028,49.45054972,0,0
CK35-jacoco-report-changes,90.90908998,0,0,9.090910017
CK35-metric-store,94.84536023,0.6872848027,0,4.467354965
CK35-request-tagging,78.94736948,12.10526265,1.052630919,7.894736948
CUTR-at-USF-pelias-client-library,97.0149245,0,2.985075496,0
CampagneLaboratory-JSAP,85.53299571,7.360406147,0.5076140102,6.598984132
Camphul-CoinMarketCap-API,97.77777802,2.222221976,0,0
Camphul-Trampoline,86.03988528,8.262108833,0,5.698005886
Canadensys-canadensys-web-core,100,0,0,0
Carbonado-CarbonadoDirmi,62.73764324,10.26616035,19.39163424,7.604562168
Carma-Public-swagger-jaxrs-doclet,89.17609078,10.17770591,0.6462033065,0
CatDou-param-validator,86.58536609,11.58536556,1.829268357,0
CheetUnit-CheetUnit,75.29411822,11.17647004,11.76470648,1.764705258
ChibiTomo-ApiVersioning,58.94736899,40.00000047,0,1.052630546
Chris2018998-BeeOP,73.2240434,14.20765057,12.56830602,0
Cimpress-cimpress-tagliatelle-java,84.00000075,15.99999925,0,0
CitrineInformatics-jpif,69.54314803,12.18274079,0.6345177199,17.63959346
CjanOrg-test-collector-maven-plugin,96.42857083,3.571429168,0,0
ClaritySoftwareSolutions-alexa-skills-kit-test,75.75757633,3.030303222,0,21.21212045
Claudenw-URIEditor,66.66666544,19.444445,0,13.88888955
Claudenw-classpath-utils,85.9550564,6.179775252,0.5617971292,7.303371218
Claudenw-junit-recording-logger,85.18518578,11.11111147,0,3.703702749
ClearTax-dropwizard-db-sharding-bundle,68.71508349,17.87709555,5.02793321,8.379887755
Cleeng-cleeng-java-sdk,97.74436038,2.255639616,0,0
Clemble-object-generator,88.07339335,3.66972576,0,8.256880886
ClickHouse-clickhouse-jdbc-bridge,81.99513368,6.082725309,2.18978009,9.732360921
ClouDesire-tisana4j,72.27722812,18.81188064,8.910891247,0
Codearte-catch-exception,88.46153831,11.53846169,0,0
Codeartisans-asadmin,77.59562676,3.278689743,1.639344871,17.48633863
Codeartisans-java-toolbox,97.77777759,2.222222406,0,0
Cognifide-Maven-CRX-Plugin,46.87499947,15.62499902,0,37.5000015
Coingi-exchange-java-client,85.98725965,0.636942948,12.73885445,0.636942948
Comcast-dynamic-configuration,69.23076923,0,0,30.76923077
Commonjava-RWX,84.44444422,14.81481408,0,0.7407417019
Commonjava-webdav-handler,75.58139537,11.2403102,1.937984222,11.2403102
ContaAzul-DateDSL,94.82758596,5.172414041,0,0
ContinuousSecurityTooling-zap-java,69.19642732,18.75000056,2.678571831,9.375000282
Contrast-Security-OSS-cassandra-migration,79.12457757,13.80471439,4.040404595,3.030303446
CoolBitX-Technology-sygna-bridge-util-j,88.88888837,6.666666978,4.444444652,0
Coreoz-PPT-Templates,38.181818,40,21.818182,0
Coreoz-Windmill,76.06837568,17.09401769,5.128205532,1.709401095
Cosium-annotation-processor-logger,90.90909062,9.090909384,0,0
Cosium-jai-imageio-core,71.62601725,20.40650301,2.601626331,5.365853405
Cosium-openapi-annotation-processor,58.20895555,40.29850618,0,1.492538269
CourseOrchestra-spring-boot-starter-celesta,87.09677459,9.677418611,3.225806795,0
CrazyOrr-RollingLogger,25.00000059,74.99999941,0,0
CubeEngine-Butler,87.20930316,5.426355788,0,7.364341053
CubeEngine-Dirigent,70.71428643,16.42857167,5.714284763,7.142857143
CubeEngine-LogScribe,84.61538478,2.56410219,1.70940146,11.11111157
CubeEngine-MessageCompositor,70.71428643,16.42857167,5.714284763,7.142857143
CubeEngine-spoon,91.32767046,4.246759786,0.8940544485,3.531515303
CubeEngineDev-Logging,84.61538478,2.56410219,1.70940146,11.11111157
Cue-hegemon,61.53846176,26.92307648,0,11.53846176
CurrencyCloud-currencycloud-java,98.89178558,0.3259444124,0.3911350015,0.3911350015
DDTH-ddth-mappings,71.01449289,1.932367141,0,27.05313997
DDTH-ddth-simplehll,84.29752134,15.70247866,0,0
DSLZC-dslcode-common-utils,89.25619748,9.917355568,0.8264469554,0
DSM-fudan-KV-match-IoTDB,84.76821226,15.23178774,0,0
DSM-fudan-KV-match-TsFileDB,84.76821226,15.23178774,0,0
DaGeRe-requitur,76.82926845,20.73170756,2.439023997,0
Danny02-JOpenCTM,76.27118664,16.10169549,0,7.627117861
DataDog-java-dogstatsd-client,81.9148937,5.319149621,6.382978338,6.382978338
DataDog-jmeter-datadog-backend-listener,90.69767511,9.302324895,0,0
DataDog-jmxfetch,63.36336427,23.12312244,8.408408549,5.105104734
DataONEorg-d1-cn-common,82.07171201,9.960160246,0,7.968127749
DataRPM-Labs-sigma,76.66666643,13.3333338,9.999999768,0
DataSketches-sketches-hive,59.18367303,3.790088273,30.61224415,6.413994545
DavidePastore-JBugmenot,89.99999965,10.00000035,0,0
DawnInfoTekInc-LogPlus,80.73770581,8.606556443,0,10.65573774
DbMaintain-dbmaintain,70.30527222,4.162812359,0,25.53191542
Derek-Ashmore-CircuitBreaker,91.6666659,0,0,8.333334104
Derek-Ashmore-Insanity,88.88888853,0,0,11.11111147
Derek-Ashmore-RequestCorrelationSlf4J,77.77777805,0,0,22.22222195
Derek-Ashmore-ServletApiMock,99.1228067,0,0,0.8771932976
Derek-Ashmore-TaskMediator,100,0,0,0
DevMate-DevMateClientJava,92.43243069,3.783784654,0,3.783784654
Devskiller-friendly-id,70.58823529,5.882352941,23.52941176,0
DieterDePaepe-JSearch,89.32584224,8.426966649,1.68539333,0.5617977766
DigitalMediaServer-Cast-API,95.81699352,1.045752117,0,3.137254364
DigitalPebble-behemoth,83.94160581,9.489051943,0,6.569342251
DjDCH-Log4j-StaticShutdown,100,0,0,0
Doctusoft-gwt-mock-2-5-1,90.14251655,3.456905984,1.263997291,5.136580171
DominoKit-domino-apt-commons,80.43478276,8.695651734,0,10.86956551
DominoKit-domino-history,82.43626041,17.56373959,0,0
DominoKit-gitflow-maven-plugin,59.57446733,16.31205729,0,24.11347538
Domo42-saga-lib,73.42995226,22.70531331,1.207730258,2.657004176
Dynatrace-Dynatrace-Server-REST-Java-SDK,94.83568,2.816902,0,2.347418
EXIficient-exificient-grammars,26.61290347,16.73387175,41.33064452,15.32258026
EgatlovS-variable-management,82.35294118,17.64705882,0,0
Ekryd-echo-maven-plugin,62.66666708,31.99999928,5.333333642,0
Ekryd-reflection-utils,52.17391202,34.7826088,13.04347918,0
ElectroStar-picolib,93.30357028,6.250000824,0.4464288994,0
EnvisionIot-third-party-protocol,88.37209288,9.302328132,2.325578986,0
EugeneMsv-amqp-rabbit-spring-boot-autoconfigure,81.6666666,3.888888603,0,14.4444448
EverWhimsical-jbehave-extras,95.40229957,2.298850215,2.298850215,0
ExpediaDotCom-haystack-log4j-metrics-appender,18.75000068,6.250000227,74.99999909,0
ExpediaDotCom-haystack-logback-metrics-appender,47.36842089,5.263158216,42.10526268,5.263158216
ExpediaDotCom-haystack-metrics,46.66666609,24.44444507,28.88888884,0
ExpediaDotCom-haystack-pipes,40.00000103,10.39999986,49.59999912,0
FDMediagroep-hamcrest-jackson,69.2307701,3.846153266,0,26.92307663
FDMediagroep-hamcrest-jsoup,72.5,0,0,27.5
FINRAOS-HiveQLUnit,100,0,0,0
FIXTradingCommunity-fix-sbe-conformance,64.44444414,35.55555586,0,0
FLUXparticle-syntax,86.7403313,5.524861788,5.524861788,2.209945126
FamilySearch-gedcom5-conversion,60.93749984,34.37500094,4.687499213,0
FamilySearch-gedcomx-java,91.69300226,1.196388262,0.06772009029,7.042889391
FasterXML-StaxMate,78.94736825,2.005013256,1.503758703,17.54385979
FasterXML-TransiStore,57.36434241,6.201550235,0.3875959299,36.04651142
FasterXML-jackson-datatype-guava,61.43790858,11.76470631,0,26.79738512
FelixGail-gplaymusic,96.64570063,2.306080143,0.2096438449,0.8385753795
FelixSFD-EnhancedProperties,83.63636425,5.454544686,3.636364251,7.272726812
Financial-Times-fluent-logging,68.94410074,11.80124178,16.14906787,3.10558961
FlavioF-quartz-scheduler-hazelcast-jobstore,89.87341732,6.329114366,0,3.797468316
FlexTradeUKLtd-pojobuilder-mvn,58.74999987,40,1.250000127,0
Focus-Points-focuspoints-client,70.76922931,13.84615454,0,15.38461615
Forbrukerradet-FreeLoan,96.87499924,3.125000756,0,0
Force66-BeanTester,78.26086829,8.69565322,0,13.04347849
Forge-Srl-bionic-js-runtime-java,50.48543639,2.912622036,37.8640773,8.737864274
FraunhoferIOSB-FROST-Client,92.23057773,2.380951762,0,5.388470506
Frostman-dropbox4j,97.19626091,2.803739088,0,0
GServlet-gservlet-api,88.25757523,4.545454611,0,7.196970159
GUMGA-maven-plugin,61.48148194,38.51851806,0,0
Genability-genability-java,98.79187147,0.1647453281,0,1.043383197
GeneralElectric-snowizard,88.34951491,3.88349503,0,7.76699006
Genium-Framework-Appium-Support,75,25,0,0
Glamdring-google-plus-java-api,98.44720548,0.9316774621,0.3105585277,0.3105585277
Glamdring-securelogin-java,83.72093012,16.27906988,0,0
Glassdoor-planout4j,72.3484865,5.681817599,3.030302422,18.93939348
GoSimpleLLC-nbvcxz,77.57575849,20.60605965,0,1.818181856
Gohla-persistent-graph,98.88888833,1.111111667,0,0
GoogleCloudPlatform-cloud-trace-java-instrumentation,73.23943672,9.859155078,16.9014082,0
GoogleCloudPlatform-gcp-plugin-core-java,48.43750013,16.40625069,35.15624918,0
Graylog2-gelfclient,81.60919415,6.896551891,1.149426124,10.34482784
Graylog2-jersey-netty,90.47618967,9.523810333,0,0
Graylog2-log4j2-gelf,62.5,0,12.5,25
Graylog2-os-platform-finder,50,35.00000042,14.99999958,0
GridGears-aml-sms-parser,64.28571429,20,15.71428571,0
GrupoCorasa-factura-electronica,56.09756093,29.61672478,13.93728163,0.348432659
GungnirLaevatain-mock,86.48648597,12.16216199,0,1.351352039
Hakky54-log-captor,94.28571627,2.857141864,0,2.857141864
HandOfGod94-jacoco-cov-badge-maven-plugin,73.80952381,26.19047619,0,0
HarryEMartland-queryrunner,82.22222125,17.77777875,0,0
HeartSaVioR-jedis,96.35826784,2.214566499,0.09842547175,1.328740194
Hevelian-hevelian-activemq,72.72727334,0,0,27.27272666
Hevelian-hevelian-olastic,71.6713896,10.48158583,0,17.84702458
HewlettPackard-oneview-sdk-java,91.53431735,8.352240379,0.0141796477,0.09926262776
Hi-Fi-tcp-mocker-server,90.90909091,2.27272804,0,6.818181051
HolmesNL-kafka-spout,91.89189166,0,0,8.108108336
HotelsDotCom-hcommon-ssh,84.7826094,15.2173906,0,0
HotelsDotCom-heat,68.04123718,31.61512115,0,0.3436416659
Hygieia-hygieia-scm-github-collector,75.00000046,24.99999954,0,0
IBM-Bluemix-bluemix-cloud-connectors,76.19047556,7.936508889,0,15.87301556
IBM-Cloud-gp-java-tools,69.01840333,10.73619602,10.12270033,10.12270033
IBM-ibm-cos-sdk-java-config,96.36363695,3.636363053,0,0
IBM-kv-utils,68.27586221,12.06896555,6.89655115,12.75862108
IBM-project-util,24.99999908,12.50000138,0,62.49999954
IIlllII-bitbreeds-webrtc,89.9224806,7.945736525,1.744186914,0.3875959562
ITArray-Automotion,88.14814852,8.888888197,0,2.962963279
IdentityAutomation-vfs-jcifs-ng,65.67164133,2.985073803,1.492538006,29.85074686
Idilia-idilia-java-sdk,88.80308924,0,3.474903099,7.722007659
Igor-G-spring-data-dynamodb,64.61038942,9.090908261,0.9740270263,25.3246753
Imaginary11-bionic-utils,85.18518482,14.81481518,0,0
IndabaConsultores-sql-definition-support,56.24999956,43.75000044,0,0
Indicative-Indicative-Java,93.74999958,6.250000422,0,0
Indoqa-indoqa-beanvalidation,79.0697674,20.9302326,0,0
Indoqa-indoqa-nexus-artifact-downloader,74.28571424,21.9047617,0,3.809524064
InferlyticsOSS-jDruid,100,0,0,0
InfinitumFramework-Infinitum-Core,78.10026298,9.76253337,0,12.13720365
InfinityRefactoring-8R-Reflections,92.49146761,7.508532389,0,0
InsightLab-huge-data-access,78.94736872,19.99999971,0,1.052631564
Inspiredsoft-automata,92.49999944,3.750000279,0,3.750000279
InstantPudd-spring-web-validator,100,0,0,0
Intelecom-smsgw-client-java,94.28571515,5.714284852,0,0
InternationalRoadTransportUnion-iru-schemas,93.24324272,6.756757278,0,0
Invictum-invictum-test,78.21782134,14.85148545,0,6.93069321
Invictum-serenity-allure-integration,97.49999976,2.500000241,0,0
Invictum-serenity-reportportal-integration,87.37863947,10.67961214,0,1.941748392
Invictum-unified-test-core,78.21782134,14.85148545,0,6.93069321
IonicDev-ionic-for-azure-storage,75,8.333333333,0,16.66666667
IonicDev-ipcs-gcs,94.23076923,0,0,5.769230769
IonicDev-ipcs-s3,81.13207536,13.20754784,0,5.660376796
Iprogrammerr-Bright-Server,82.01058125,17.98941875,0,0
Iprogrammerr-Gentle-Request,89.15662588,10.84337412,0,0
Iprogrammerr-Smart-Query,74.05405409,24.86486509,0,1.081080818
IvoNet-isbndb,90.71428558,9.285714418,0,0
JD-wangyin-Ak47,95.29590253,3.490137228,0,1.213960239
JEEventStore-JCommonDomain,53.48837268,16.27906945,0,30.23255787
JSAppSugar-JSA4Java,48.48484873,42.42424161,0,9.090909653
JaceeDai-SearchParser,66.66666667,33.33333333,0,0
Jacky-Cai-collectionX,98.66666718,1.333332824,0,0
JakeWharton-DiskLruCache,64.15094361,30.18867895,5.660377444,0
JakeWharton-flip-tables,62.49999966,37.50000034,0,0
JakeWharton-retrofit1-okhttp3-client,14.2857149,57.14285745,28.57142765,0
JarCasting-commons-json-utils,100,0,0,0
Jarcionek-Map-To-Object-Converter,21.05263053,36.84210509,42.10526438,0
Jarlakxen-embedphantomjs,81.39534884,18.60465116,0,0
JarvisJin-FinExpr,90.19607823,9.80392177,0,0
Jasig-AnnouncementsPortlet,89.65517225,7.279693256,0,3.065134489
Jasig-SimpleContentPortlet,82.81249964,14.06250029,0,3.125000065
Jasig-WeatherPortlet,95.81151897,1.570680387,0,2.617800646
Jasig-cas-server-security-filter,55.00000036,1.666666787,13.33333249,30.00000036
Jasig-portlet-utils,93.75,1.704544646,0,4.545455354
Jasig-sched-assist,86.76071617,1.030927287,0.9766690553,11.23168749
Jasig-spring-webflow-client-repo,81.818182,6.060606,0,12.121212
Jawf-reportJ,90.90909077,6.060606669,0,3.030302562
JeP42-robotframework-formatcompare,62.09150325,21.56862688,0.6535943463,15.68627552
JeffreyRodriguez-JSOG,85.71428519,12.16931235,0,2.116402468
JeffreyRodriguez-Web-Tools,85.18518422,11.11111145,0,3.70370433
JeffreyRodriguez-XML-Wrappers-for-Java,100,0,0,0
Jimmy-Shi-bean-query,73.77049251,11.47540899,3.27868951,11.47540899
Jnoee-xo-starter,79.48016501,9.439124181,6.019151682,5.061559129
Joe0-Feather,78.78787847,21.21212153,0,0
JohnHorman-aws-maven,82.05128151,8.974359247,0,8.974359247
Jorgamundus-xenqtt,69.17808145,17.53424727,12.87671326,0.4109580256
Jurrie-jsch-111-bugfix,76.47058917,11.76470542,11.76470542,0
KPull-Bastion,80.91603057,17.5572518,0,1.526717624
KatsuteDev-Mal4J,71.08433709,6.325301484,21.08433709,1.506024333
KatsuteDev-OneMTA,89.9757875,2.566585238,2.905568841,4.552058423
Kenoshen-animagic,82.89473758,17.10526242,0,0
KetothXupack-protoc-jar,50,32.1428575,10.714285,7.1428575
KilianB-pcg-java,78.5714283,2.040816718,0,19.38775498
KinoamyFx-tushare4j,97.16980968,2.830190318,0,0
KlausBrunner-solarpositioning,40.00000039,57.50000019,2.499999423,0
Kloudtek-kryptotek-core,95.02762474,3.867403156,0,1.104972101
Kloudtek-ktserializer,91.74311922,8.256880782,0,0
KmSYS-edismax-solr-spring,100,0,0,0
KnisterPeter-VFS,82.02247213,16.85393204,1.123595827,0
KnisterPeter-jreact,94.73684171,5.263158294,0,0
KnisterPeter-node-js-bridge,28.57142831,61.90476226,9.523809435,0
KnisterPeter-smaller-config,97.26027471,2.739725291,0,0
KnisterPeter-smaller-node-builder,44.92753696,33.33333261,21.73913043,0
KountSdk-com-Kount-Access-SDK,64.28571388,26.19047686,9.523809255,0
KountSdk-com-kount-ris-java-sdk,88.18181809,6.818181392,0,5.00000052
Kurento-kurento-module-creator,73.77398716,21.96161981,4.264393028,0
LDZZDL-easyexcel4j,75.94936636,24.05063364,0,0
LJWLgl-CommonUtil,86.4077658,11.00323673,2.588997469,0
Labs64-swid-generator,82.72727242,0.9090910034,0,16.36363658
LaplaceDemon-numjar,100,0,0,0
LatencyUtils-LatencyUtils,77.61194006,14.9253733,4.477613069,2.985073579
LateralThoughts-spring-liquibase-extensions,30.00000045,39.9999991,0,30.00000045
LeapAppServices-LAS-SDK-Data-Java-API,95.55555545,0.8888885877,2.666667377,0.8888885877
Legohuman-excelmapper,95.06849371,4.657533637,0,0.2739726578
Leshana-lambda-utils,100,0,0,0
LevelFourAB-aurochs,87.50000146,4.861110804,0.3472215346,7.291666206
LiamHayes1-rest-cucumber,72.80701754,22.80701754,0,4.385964912
LibrePDF-OpenRTF,81.61073865,9.127516539,0,9.261744808
LindenY-asw4j,90.35533006,5.58375594,0,4.060914003
LittleJ-jreqs,100,0,0,0
LittleLightCz-Rojo,98.66666632,1.333333682,0,0
Locke-sparql-dl-api,49.30232566,50.69767434,0,0
Loki-Afro-metalarchives,65.99064094,26.98907934,1.404055591,5.616224125
LoliIo-io-loli-upyun,92.30769231,7.692307692,0,0
LosersClub-Excalibor,76.11336024,4.453440962,4.858300095,14.5748987
Lyhnx-bittrex-api-wrapper,99.07407392,0.3086414264,0,0.6172846492
MEWorkbench-biocomponents,77.10371995,16.82974514,1.076320301,4.990214605
MKLab-ITI-simmo,96.65809785,3.341902146,0,0
MagenTys-donut-junit-adapter,93.5483868,5.161290194,1.290323002,0
Mahoney-sysout-over-slf4j,62.49999859,16.07142917,16.07142917,5.357143058
ManfredTremmel-gwt-seo,93.25842732,6.741572676,0,0
MantledIllusion-cotton,67.09061957,9.697932789,16.05723425,7.154213396
MantledIllusion-epiphy,96.8627444,2.352941343,0,0.7843142529
ManuelB-java-bean-to-code-serializer,55.55555538,38.88888846,0,5.55555616
ManuelB-polysplit,87.5000003,12.4999997,0,0
MapTalks-geojson4j,90.12345684,9.876543156,0,0
MapTalks-mapresty-client-java,96.11650684,2.912620398,0,0.9708727637
MapTalks-proj4m,50.79365111,28.57142889,20.63492,0
MapTalks-servletrest,65.90909075,18.18181733,0,15.90909192
MarSik-adif,68.67469991,27.7108418,3.614458294,0
MarcGiffing-easyxml,96.49122782,2.631579635,0,0.8771925419
MarchenkoProjects-PrettyJDBC,88.44444418,11.55555582,0,0
MarkVink-mangooio-elasticsearch-extension,88.23529337,11.76470663,0,0
MarkusBernhardt-proxy-vole,60.13288976,34.88372176,1.993355868,2.990032615
Mashape-analytics-agent-java,78.12500025,21.87499975,0,0
Mashape-analytics-java-agent,78.12500025,21.87499975,0,0
Mashape-galileo-agent-java,78.12500025,21.87499975,0,0
Mastercard-client-encryption-java,61.74863424,13.1147538,14.20764945,10.92896251
Mastercard-oauth1-signer-java,62.96296296,11.11111111,25.92592593,0
MatteoJoliveau-PlugFace,78.46153983,16.92307625,0,4.615383917
MaxFichtelmann-messagebundle-maven-plugin,54.76190515,45.23809485,0,0
MaxLeap-SDK-Data-Java-API,95.55555545,0.8888885877,2.666667377,0.8888885877
Megaprog-ObjectSerializer,100,0,0,0
Megaprog-stream-util,93.61702039,0,0,6.38297961
Mercateo-reflection,83.33333281,16.66666719,0,0
Mercateo-rest-hateoas-client,63.63636334,33.33333333,3.030303328,0
Mercateo-rest-schemagen,76.69616416,19.46902723,3.834808605,0
Mercateo-spring-security-jwt,51.13636249,32.954545,11.36363751,4.545455004
Mercateo-test-clock,100,0,0,0
MetacoSA-metaco-java-client,96.38989255,3.249096881,0.3610105664,0
Metatavu-mecm-reader,87.99999965,12.00000035,0,0
MeteoGroup-point-compression,100,0,0,0
Mezatsong-ladalja,92.59259355,4.232804358,0.5290999548,2.645502134
MicroFocus-ALMOctaneJavaRESTSDK,82.37704791,10.65573847,4.098360951,2.868852666
MicroFocus-leanft-selenium-java-sdk,70.3125006,6.250000708,10.93749954,12.49999915
Mifiel-java-api-client,97.79735626,2.202643735,0,0
Minlessika-lightweight-db,60,40,0,0
MinsxCloud-minsx-framework,91.32791286,7.317073816,1.084010656,0.271002664
MoebiusSolutions-jacle,88.10572663,9.691630315,1.762114018,0.4405290408
Moesif-moesifapi-java,91.25963933,7.455012881,0,1.285347792
Moosemorals-ManageSieveJ,71.53846139,23.8461538,4.615384815,0
MottoX-BeanUtils,68.7500004,31.2499996,0,0
MountCloud-graphql-client,92.49999966,7.500000341,0,0
MountCloud-minecraft-plugin-common,93.58974456,1.282051089,0,5.128204355
Multifarious-dw-goodies,91.89189214,5.405404463,0,2.702703394
Multifarious-skid-road,79.70149378,7.761193703,2.388059405,10.14925311
NASA-PDS-pds4-jparser,81.35593231,16.16688427,0.7822680257,1.69491539
NCAR-crux,77.08333271,22.91666729,0,0
NERC-CEH-dynamo-mapping,67.34693809,27.55102013,0,5.102041785
NadjaNNN-excelHandling,65.30612221,8.163265064,0,26.53061273
NanoHttpd-nanohttpd,75.76791902,13.99317361,0.3412971167,9.897610252
Naoghuman-lib-action,95.45454512,4.54545488,0,0
Naoghuman-lib-logger,94.44444466,5.555555338,0,0
Naoghuman-lib-preferences,84.61538498,15.38461502,0,0
Narmnevis-range,75.00000058,0,0,24.99999942
NatLibFi-mauiservice,78.4615384,7.692307993,13.84615361,0
NebuPookins-normalize-url,32.25806404,22.58064483,45.16129114,0
NetIRC-jtables,89.28571448,0,0,10.71428552
Netcentric-apply-server,50,42.30769231,7.692307692,0
Netcentric-apply-system-env-install-hook,62.0689663,34.48275843,3.448275277,0
NickMacDon-BasicJavaFlightRecorder,100,0,0,0
NitorCreations-DomainReverseMapper,46.2962961,46.2962961,7.407407802,0
NitorCreations-wicket-test-utils,100,0,0,0
NixOS-mvn2nix-maven-plugin,27.27272615,72.72727385,0,0
Nizal-Shammry-identitas,95.65217456,4.347825444,0,0
Nodens2k-tin-validators,82.75861943,10.34482895,0,6.896551619
Nomeyho-molecular-formular-parser,19.23077,46.153846,34.615384,0
Norconex-jef,85.20710126,14.20118354,0.5917151994,0
NotNinja-verifier,83.49282251,4.784689642,0,11.72248784
Nykredit-jackson-dataformat-hal,80.48780768,9.756096162,2.43902404,7.317072121
O7UNp-libs-toolkit-commons,94.24460414,0.7194247112,0,5.035971144
OSSIndex-heuristic-version,97.09762628,2.638521874,0,0.2638518433
OWASP-json-sanitizer,22.5,65,12.5,0
OWASP-url-classifier,81.76470781,4.117646242,14.11764595,0
OfficeDev-ews-java-api,71.61194823,5.109848745,0.2221666235,23.05603641
OhadR-ohadr-common,100,0,0,0
OmicsDI-ddi-gpmdb-proteins,100,0,0,0
OmicsDI-spring-social-orcid,98.98255797,0.5813957275,0,0.4360463022
OneBusAway-onebusaway-collections,90.86294383,9.137056168,0,0
Onnt-nymph,87.48564737,10.21814039,0.918484896,1.377727344
OpenBEL-openbel-framework,83.00894222,9.784324031,0.6838502935,6.522883459
OpenFeign-feign-opentracing,90.90909091,9.090909091,0,0
OpenGamma-ElSql,46,12,42,0
OpenGamma-OpenSIMM,63.63636409,36.36363591,0,0
OpenSextant-XText,82.13256487,8.357349275,0,9.510085856
OpenSextant-Xponents,82.3762358,11.68316815,0.9901000686,4.950495979
OpenSmpp-opensmpp,86.20967676,6.693547468,0.8064525318,6.290323237
OpenTSDB-asyncbigtable,77.90697705,4.651162841,16.86046557,0.581394543
OranShuster-webcrawler-verifier,96.85039307,2.362205195,0,0.7874017317
Orange-OpenSource-trail-drawing,46.54088026,35.22012575,18.23899399,0
OrbitalEnterprises-orbital-eve-xml-api,94.64285727,0.8432531285,0,4.513889602
OrienteerDW-wicket-orientdb,73.34465264,2.886248154,0,23.7690992
OughtToPrevail-PrevailProtocol,80.60046207,10.85450364,7.390300661,1.154733628
OxalisCommunity-Oxalis-AS4,69.34865861,22.98850469,2.298851009,5.363985689
OxalisCommunity-commons-certvalidator,87.27272683,9.090909091,0,3.636364082
OxalisCommunity-oxalis-ocsp,85.71428502,0,0,14.28571498
OxalisCommunity-peppol-specifications,93.33333268,6.666667324,0,0
OxalisCommunity-pkix-ocsp,85.71428502,0,0,14.28571498
PDOK-geoserver-manager,82.34107036,4.641775588,0,13.01715405
PDOK-pdok-util,100,0,0,0
PDOK-rdnaptrans-java,52.63158013,7.894735575,39.4736843,0
Parisoft-resty,88.2812507,10.93749924,0,0.7812500659
Patreon-patreon-java,97.01492582,2.985074179,0,0
PatternFM-cycle,80,15.99999956,4.00000044,0
PatternFM-minimal,100,0,0,0
PatternFM-valex,81.96721308,18.03278692,0,0
Peggir-SimpleDbUtil,87.49999897,12.50000103,0,0
PennAssuranceSoftware-tutum-api-client,95.15347363,4.846526369,0,0
PennState-commons-jaxrs,89.66942151,8.677686039,0,1.652892452
PhantomThief-adaptive-executor-java,85.71428597,14.28571403,0,0
PhantomThief-cursor-iterator,86.48648828,8.108107034,0,5.40540469
PhantomThief-jedis-helper,69.99999923,22.85714308,7.142857694,0
PhantomThief-simple-pool,65.71428543,22.85714221,11.42857236,0
PhantomThief-zknotify-cache,79.41176458,20.58823542,0,0
PhantomYdn-jlll,89.54545423,8.636363101,0,1.818182668
PicnicSupermarket-reactive-support,76.47058824,21.56862745,1.960784314,0
PieterD-lexinator-java,21.62162075,5.405405661,10.81081132,62.16216226
PiggyGuoJY-excel2javaBean,52.65700525,14.97584561,0.4830912514,31.8840579
PiggyGuoJY-execl2javaBean,52.65700525,14.97584561,0.4830912514,31.8840579
PinaeOS-nala,82.24298989,13.08411223,0,4.672897873
PinaeOS-rafiki,96.15384615,3.846153846,0,0
PiotrRaszkowski-sport-trackers-connector,73.03370939,19.10112305,7.865167561,0
PistoiaHELM-HELMNotationParser,87.79069662,11.62790685,0,0.5813965279
Polve-JavaBitcoindRpcClient,94.11764723,3.984820339,0.3795064853,1.518025941
Polve-bitcoin-rpc-client,94.11764723,3.984820339,0.3795064853,1.518025941
Praqma-drmemory-api,100,0,0,0
Praqma-praqmajutils,92.30769071,6.354515567,1.003345291,0.3344484303
Pravian-Fabric,95.86206894,2.06896553,0,2.06896553
Pravian-Tuxedo,94.93670838,5.063291617,0,0
PredictionIO-PredictionIO-Java-SDK,98.7012987,0,1.298701299,0
Pretius-pretius-jddl,75.92592542,9.259259455,11.11111135,3.703703782
PrivaliaTech-gingerspec,84.0182637,12.6331818,2.283105185,1.065449312
ProfessorEugene-PortReserve,77.55102064,20.40816349,2.040815872,0
Proteus1989-Air-Explorer-Decrypter,55.55555577,44.44444423,0,0
PublicKey-PublicKeyStore,73.3333323,20.00000077,0,6.666666924
PureMVC-puremvc-java-multicore-framework,86.24999973,0,0,13.75000027
PureMVC-puremvc-java-standard-framework,86.11111121,0,0,13.88888879
PureMVC-puremvc-java-util-pipes,86.95652126,0,0,13.04347874
PureSolTechnologies-KickStart,72.22222317,27.77777683,0,0
PureSolTechnologies-commons,93.13725483,4.411764476,0,2.450980699
PureSolTechnologies-extended-objects-titan,87.20930273,12.79069727,0,0
PureSolTechnologies-xo-titan,87.20930273,12.79069727,0,0
PuyallupFoursquare-ccb-api-client-java,97.17223689,1.542415763,0,1.285347346
PyramidTechnologies-jPyramid-RS-232,72.88135513,8.474577116,17.79660981,0.8474579489
QianmiOpen-interface-test,75.00000075,24.99999925,0,0
Qkyrie-Markdown2Pdf,93.3333331,6.666666898,0,0
Quantimb-Lab-Fast-Hilbert-Transform,50,50,0,0
QuarterCode-FemtoWeb,51.61290284,22.58064454,0,25.80645263
QuarterCode-JTimber,84.44444478,11.11111087,0,4.444444348
R-Gerard-RRB4J,57.89473684,10.52631579,0,31.57894737
R2RML-api-R2RML-api,92.27467801,6.437767752,0,1.28755424
RBGKew-String-Transformers,95.45454444,4.545455564,0,0
RENCI-NRIG-na2-oess-plugin,92.75362371,2.898550114,0,4.347826174
RFC8452-AEAD,46.66666667,26.66666667,26.66666667,0
RIPE-NCC-rpki-commons,72.4168126,16.46234605,4.640980653,6.479860693
RNCryptor-JNCryptor,44.15584419,16.88311621,38.9610396,0
RagedUnicorn-curseforge-release-maven-plugin,88.33333389,11.66666611,0,0
RagedUnicorn-github-release-maven-plugin,93.33333278,6.666667219,0,0
RagedUnicorn-twitch-release-maven-plugin,88.33333389,11.66666611,0,0
RagedUnicorn-wago-release-maven-plugin,87.50000022,12.49999978,0,0
RallyTools-Rally-Lookback-Toolkit,48.07692308,34.61538462,11.53846154,5.769230769
RankSys-RankSys,81.39255815,6.122448891,0.1200475907,12.36494537
RaspInLoop-OMJava,87.90322548,8.467742166,0.8064516349,2.822580722
RationaleEmotions-SimpleSe,84.72222142,10.41666697,4.861111611,0
RationaleEmotions-simplese-codegenerator,77.27272755,18.18181837,4.545454081,0
RayDeCampo-java-xirr,91.30434934,6.521738574,2.173912083,0
Rdebokx-formica,76.56250017,15.62500061,0,7.812499225
RedFroggy-ilg-spring-boot-starter,98.95755859,0.6701404435,0.07445933049,0.2978416347
RedHogs-cron-parser,40,15.29411736,0,44.70588264
RedisAI-JRedisAI,77.00000012,8.00000047,2.999999546,11.99999987
RedisLabs-JReJSON,92.68292655,7.317073452,0,0
RedisLabs-JRediSearch,90.24390106,5.149051903,1.626016489,2.981030543
Redouane59-twitter-client,96.68508421,2.762430887,0,0.5524849077
Redouane59-twittered,96.68508421,2.762430887,0,0.5524849077
ReedOei-eunomia,95.13513411,3.963964296,0,0.9009015897
Remmeauth-remme-client-java,94.16758334,1.54063867,0,4.291777989
RestDoc-restdoc-api,100,0,0,0
RestExpress-HyperExpress,76.51933654,22.92817692,0,0.5524865339
RestExpress-PluginExpress,93.79310397,4.13793135,0,2.068964681
RetailMeNot-TestRailSDK,97.50000024,1.874999819,0,0.6249999397
Richard-Ballard-arbee-utils,91.50326805,7.843137485,0,0.6535944647
RisingOak-jenkins-client,96.96132562,1.93370142,0.1381214095,0.9668515532
RobertBoothby-typedmap,100,0,0,0
RoiSoleil-LitExp,71.79487098,12.82051382,0,15.38461521
SAP-samples-cloud-sapjwt,94.73684279,5.263157208,0,0
SERG-Delft-SQLCoRGi,74.14247987,24.53825839,1.055409386,0.2638523464
SG-O-photoNetLib,87.72455166,11.07784384,0,1.197604504
SIDSSIDS-block-logger,85.84070876,13.27433601,0,0.8849552269
SIKT-io-iso8583-message-parser,68.96551716,31.03448284,0,0
SIMBAChain-libsimba4j-platform,92.70334932,3.947367845,0,3.34928284
SK-EID-digidoc4j-smart-id-adapter,74.99999941,25.00000059,0,0
STAMP-project-pitmp-maven-plugin,91.20879259,5.494504632,0,3.296702779
SUSE-saltstack-netapi-client-java,96.42345993,3.004292182,0.2861239424,0.2861239424
Saar25-JProperty,96.26865727,0,0,3.73134273
Sagebits-hola,65.71428675,21.90476154,11.42857179,0.9523799208
SaiprasadKrishnamurthy-cukestyle-maven-plugin,88.12499946,11.87500054,0,0
SaiprasadKrishnamurthy-stubble,82.97872312,14.89361751,0,2.127659371
SamirTalwar-Rekord,95.73459666,3.317535929,0,0.9478674084
Samuel-Oliveira-Java-Certificado,81.5789463,17.10526365,1.315790054,0
Saulis-enumerables,97.61904762,2.380952381,0,0
Sberned-kafka-logback,40,20,20,20
Scalepoint-oauth-jwt-assertion-java-client,100,0,0,0
ScottConway-tracker-domain,96.72131148,3.278688525,0,0
SeRoSystems-lib1090,88.45654858,1.167314994,10.24643386,0.1297025653
SergeyBudnik-SmartConfig,50.84745812,45.76271204,3.389829836,0
Serguei-P-http,70.29478386,21.54195016,7.256235612,0.9070303676
Serguei-P-test-utils,76.92307757,19.23076897,3.846153456,0
SevaSafris-javadocio-maven-plugin,58.73015717,17.46031925,12.69841355,11.11111002
Sharelison-JsonToJava,60.78431392,27.45097975,0,11.76470633
SiXoS-qr-game,85.98326308,8.263599142,0.5230120366,5.230125744
SilverNine-spring-boot-graceful-shutdown,64.00000066,35.99999934,0,0
SimonAlong-Neo,92.15759802,6.791744681,0.750469126,0.3001881702
Simplify3x-simplifyOM,92.10526321,7.894736791,0,0
SixDimensions-ab-parser,88.4615387,11.5384613,0,0
Skelp-verifier,83.49282251,4.784689642,0,11.72248784
Smerty-jham,85.71428483,8.5714291,0,5.714286067
SolarisNeko-forward-engineering,94.44444444,5.555555556,0,0
SolarisNeko-sql-light-rail,90.95022639,9.04977361,0,0
SolidStateGroup-bullet-train-java-client,89.93288564,10.06711436,0,0
SonarCommunity-sonar-cas,78.72340498,2.12765924,0,19.14893578
SonarCommunity-sonar-erlang,66.11570168,28.09917321,5.78512511,0
SonarCommunity-sonar-flex,66.04938348,31.48148107,2.469135453,0
SonarCommunity-sonar-openid,68.57142889,8.57142889,22.85714222,0
SonarCommunity-sonar-pdf-report,79.99999955,9.47368383,0,10.52631662
SonarCommunity-sonar-scm-cvs,61.90476083,30.95238154,4.761904331,2.380953296
SonarCommunity-sonar-scm-jazzrtc,81.24999981,12.50000113,0,6.249999062
SonarCommunity-sonar-scm-svn,64.10256451,20.51282028,15.38461521,0
SonarCommunity-sonar-sonargraph,58.33333212,28.03030358,10.60606145,3.030302854
SonarCommunity-sonar-stylecop,47.8260875,50,2.1739125,0
SonarCommunity-sonar-widget-lab,68.42105213,0,0,31.57894787
SonarQubeCommunity-sonar-scm-cvs,61.90476083,30.95238154,4.761904331,2.380953296
SonarSource-ebcdic-to-ascii-converter,10.52631637,73.68421018,15.78947345,0
SonarSource-sonar-auth-bitbucket,77.27272727,22.72727273,0,0
SonarSource-sonar-auth-github,62.49999858,21.42857127,14.28571493,1.785715217
SonarSource-sonar-classloader,70.96774205,12.90322614,12.90322614,3.22580568
SonarSource-sonar-flex,66.04938348,31.48148107,2.469135453,0
SonarSource-sonar-generic-coverage,60,40,0,0
SonarSource-sonar-ldap,75.82417542,23.07692325,1.098901326,0
SonarSource-sonar-scm-svn,64.10256451,20.51282028,15.38461521,0
SonarSource-sonarlint-cli,65.84362088,22.22222266,9.876543621,2.057612846
SonarSource-sslr-squid-bridge,62.16216254,32.4324311,5.405406359,0
Sonoport-freesound-java,94.38596675,0.701753311,0,4.912279935
SpaiR-byond-dme-parser,67.70833473,19.79166663,12.49999864,0
SpaiR-byond-dmi-util,61.90476157,33.33333333,4.7619051,0
SpaiR-byond-dmm-util,75.38461499,18.46153818,6.153846828,0
SpaiR-dmm-io,61.01694986,23.72881323,15.25423692,0
Spikeify-ffmpeg-cli-wrapper,92.54237225,6.440678949,0.3389837333,0.6779650699
Spikeify-spikeify,84.64730301,8.506224957,0.8298746126,6.016597418
Spikeify-spikeify-cron,89.62962907,8.888888801,0,1.481482126
Spikeify-spikeify-taskqueue,92.45283,5.660378,0,1.886792
